1 0.285311 0.416623 0.046051 0.104379 1.0000
1 0.078383 0.679673 0.062655 0.112168 1.0000
1 0.893538 0.156878 0.050385 0.103655 1.0000
1 0.689803 0.677413 0.051779 0.101950 1.0000
1 0.087481 0.423087 0.066068 0.108198 1.0000
1 0.483851 0.161267 0.051662 0.104259 1.0000
1 0.490912 0.429557 0.075887 0.112462 1.0000
1 0.287282 0.686819 0.055034 0.103237 1.0000
1 0.895361 0.414805 0.056331 0.109292 1.0000
1 0.695017 0.422068 0.059823 0.116771 1.0000
1 0.686802 0.161943 0.054499 0.104668 1.0000
1 0.074706 0.166474 0.052227 0.105519 1.0000
1 0.496377 0.681705 0.069953 0.107900 1.0000
1 0.281265 0.163368 0.044979 0.093019 1.0000
1 0.895410 0.668517 0.059732 0.104702 1.0000
